14811702
14855016
15517305
16376617
19392698
22514778
28861398
29671404
33894225
36655697
41211178
47608238
51689248
77958251
85406389
91576058
96077280
96780915
97213954
98602109
107645713
109581338
113162530
114697203
115515777
115745869
119689346
121148151
123695258
127970096
132209588
133428141
134735853
136294090
141069504
144795127
146428680
149022385
150656782
151004653
152170397
152289740
161632004
161818851
173915569
174713281
183148175
194690306
198426319
206879226
207471698
209961199
218938116
223450195
235184605
257087075
257197533
258022630
258243923
259656425
264363504
269299650
271196013
274992928
284468074
286579293
287561792
288458977
288799750
290675657
292527303
292791490
299315577
304361359
306669079
306888183
307860829
311081459
316306523
320669590
322596806
328250424
328700237
329127263
344536853
350200759
353510769
355501991
365202126
369990899
370590619
384760481
394301067
401918172
402597408
408144878
418961435
431024113
434478659
440758737
453787949
453991287
466384294
475185975
476073465
490194973
505626438
515367192
558510188
569521728
581748929
593579954
604770624
621806418
784352246
882148429
891242749
927637458
971485388
2317714363
2346801101
2420794806
2500015475
2807810328
2878044676
3051023853
3085986544
3121512346
3244977574
3436527305
3449411364
4337658923
4424675472
719181308291891201
781169519419064320
789827513849634816
798823154688749571
874495605225267200
886653984831938560
1047418740651057153
1063899581539340289
1069998236247777281
1070311758127161345
1569079800970596352
1584430327753220097
